 <pre>

 Contingency table for Low clouds (octas)
 Selection: Ireland     27 stations
Period: 20180601-20180614
Used {12} + 01 02 ... 24
 Limits    1.00000000       2.00000000       3.00000000       4.00000000       5.00000000       6.00000000       7.00000000    
 Each class is data <= limit, the very last > last limit
 Total number of values        7465
                                              OBSERVATION
                                    674       55       71       43       51       34      134       71 |      1133
                                    138       24       33       23       20       15       66       48 |       367
                                    100       24       25       19       25       17       69       43 |       322
                       OCND2_T       90       10       25       19       24       15       75       34 |       292
                                     73       24       24       21       27       18       78       41 |       306
                                     77       21       40       25       27       22      115       61 |       388
                                    115       39       38       41       41       41      171      130 |       616
                                    366      183      248      186      269      274     1373     1142 |      4041

                    SUM            1633      380      504      377      484      436     2081     1570 |      7465
                                              OBSERVATION
                                    554       45       49       30       50       31      108       44 |       911
                                    169       23       30       16       16       17       64       41 |       376
                                    140       27       26       26       33       24       68       47 |       391
                       OCND2_F      142       23       44       36       35       22       83       58 |       443
                                    115       26       31       15       31       25       87       47 |       377
                                     71       27       29       27       24       24      117       75 |       394
                                    106       40       60       48       55       46      173      120 |       648
                                    336      169      235      179      240      247     1381     1138 |      3925

                    SUM            1633      380      504      377      484      436     2081     1570 |      7465

