 <pre>

 Contingency table for Cloud cover (octas)
 Selection: ALL     44 stations
Period: 20180601-20180614
Used {00,12} + 01 02 ... 24
 Limits   0.500000000       1.50000000       2.50000000       3.50000000       4.50000000       5.50000000       6.50000000       7.50000000    
 Each class is data <= limit, the very last > last limit
 Total number of values       14586
                                                       OBSERVATION
                                     53      584      253      169       94       84       69       79       32 |      1417
                                     13      188      113       96       67       67       90       96       47 |       777
                                     10       94       89       70       56       59       67       72       28 |       545
                                      3       70       58       63       46       46       54       87       33 |       460
                       OCND2_T        9       85       50       57       39       58       65      105       53 |       521
                                      4       72       51       63       53       65       75      134       54 |       571
                                      6       65       63       62       59       75      105      169       90 |       694
                                      3       93       73       76       77      111      159      354      185 |      1131
                                     17      197      141      235      263      380      701     2733     3803 |      8470

                    SUM             118     1448      891      891      754      945     1385     3829     4325 |     14586
                                                       OBSERVATION
                                     47      487      180      116       67       61       44       34       12 |      1048
                                     15      206      120      107       73       55       62       61       26 |       725
                                      5      116       82       67       38       52       56       73       26 |       515
                                     10       91       77       61       56       60       64       82       25 |       526
                       OCND2_F        7       77       57       56       51       59       71       95       37 |       510
                                      3       73       58       61       31       62       72      127       55 |       542
                                      6       63       54       66       51       68       84      163       68 |       623
                                      7       89       65       77       96      102      128      298      162 |      1024
                                     18      246      198      280      291      426      804     2896     3914 |      9073

                    SUM             118     1448      891      891      754      945     1385     3829     4325 |     14586

