 <pre>

 Contingency table for Low clouds (octas)
 Selection: ALL    144 stations
Period: 20180601-20180614
Used {12} + 01 02 ... 24
 Limits    1.00000000       2.00000000       3.00000000       4.00000000       5.00000000       6.00000000       7.00000000    
 Each class is data <= limit, the very last > last limit
 Total number of values       37085
                                              OBSERVATION
                                   4308      667      558      410      392      363      819      878 |      8395
                                    631      172      171      119      127      132      263      287 |      1902
                                    463      141      120      113       92       88      288      253 |      1558
                       OCND2_T      394      107      124      117       91      101      235      237 |      1406
                                    367      140      141      123      108      100      290      275 |      1544
                                    363      148      154      131      135      117      354      311 |      1713
                                    437      218      190      200      186      208      631      589 |      2659
                                   1601     1116     1101      951     1122     1288     4275     6454 |     17908

                    SUM            8564     2709     2559     2164     2253     2397     7155     9284 |     37085
                                              OBSERVATION
                                   3949      584      453      342      338      295      664      672 |      7297
                                    765      194      186      140      131      131      308      301 |      2156
                                    605      178      153      127      113      114      307      269 |      1866
                       OCND2_F      481      155      194      149      128      131      315      310 |      1863
                                    456      172      151      124      120      154      333      283 |      1793
                                    338      160      148      143      156      151      410      378 |      1884
                                    470      236      232      200      222      214      611      639 |      2824
                                   1500     1030     1042      939     1045     1207     4207     6432 |     17402

                    SUM            8564     2709     2559     2164     2253     2397     7155     9284 |     37085

