 <pre>

 Contingency table for Rh2m (%)
 Selection: Ireland     28 stations
Period: 20180601-20180614
Used {00,12} + 01 02 ... 24
 Limits    30.0000000       50.0000000       65.0000000       75.0000000       85.0000000       95.0000000       100.000000    
 Each class is data <= limit, the very last > last limit
 Total number of values       18788
                                              OBSERVATION
                                      0        0        0        0        0        0        0        0 |         0
                                      0       25       62        5        0        0        0        0 |        92
                                      0      135      820      626      147       20        2        0 |      1750
                       OCND2_T        0       25      747     1518     1049      217       15        0 |      3571
                                      0        4      169     1074     2299     1451      163        0 |      5160
                                      0        1       48      260     1254     3019     1170        0 |      5752
                                      0        0       10       32      133      847     1327        0 |      2349
                                      0        0        0        0        0       12      102        0 |       114

                    SUM               0      190     1856     3515     4882     5566     2779        0 |     18788
                                              OBSERVATION
                                      0        0        0        0        0        0        0        0 |         0
                                      0       18       40        3        4        0        0        0 |        65
                                      0      133      805      559      120       17        2        0 |      1636
                       OCND2_F        0       37      777     1515     1018      209       13        0 |      3569
                                      0        2      187     1151     2283     1346      134        0 |      5103
                                      0        0       44      258     1333     3142     1094        0 |      5871
                                      0        0        3       29      124      831     1405        0 |      2392
                                      0        0        0        0        0       21      131        0 |       152

                    SUM               0      190     1856     3515     4882     5566     2779        0 |     18788

