 <pre>

 Contingency table for Cloud cover (octas)
 Selection: ALL     44 stations
Period: 20180601-20180614
Used {00} + 01 02 ... 24
 Limits   0.500000000       1.50000000       2.50000000       3.50000000       4.50000000       5.50000000       6.50000000       7.50000000    
 Each class is data <= limit, the very last > last limit
 Total number of values        7312
                                                       OBSERVATION
                                     23      303      124       89       51       41       40       34       18 |       723
                                      5       97       62       53       29       37       46       52       24 |       405
                                      5       46       51       37       22       29       27       40       14 |       271
                                      2       35       25       33       20       20       31       42       21 |       229
                       OCND2_T        4       38       24       25       24       30       29       55       29 |       258
                                      2       35       19       24       22       27       33       63       33 |       258
                                      5       27       25       33       35       37       57       80       41 |       340
                                      1       41       38       35       40       53       76      164       92 |       540
                                      9       97       73      114      132      193      336     1356     1978 |      4288

                    SUM              56      719      441      443      375      467      675     1886     2250 |      7312
                                                       OBSERVATION
                                     18      245       93       59       33       33       25       14        8 |       528
                                      6      101       60       56       34       27       33       32       15 |       364
                                      3       53       36       33       16       26       25       42       19 |       253
                                      7       45       40       30       28       28       33       40        9 |       260
                       OCND2_F        3       38       24       34       25       27       33       46       22 |       252
                                      3       37       28       28       13       31       36       65       24 |       265
                                      4       32       30       35       21       39       43       81       38 |       323
                                      3       36       28       39       56       49       58      152       82 |       503
                                      9      132      102      129      149      207      389     1414     2033 |      4564

                    SUM              56      719      441      443      375      467      675     1886     2250 |      7312

