 <pre>

 Contingency table for Rh2m (%)
 Selection: ALL    160 stations
Period: 20180601-20180614
Used {00} + 01 02 ... 24
 Limits    30.0000000       50.0000000       65.0000000       75.0000000       85.0000000       95.0000000       100.000000    
 Each class is data <= limit, the very last > last limit
 Total number of values       51976
                                              OBSERVATION
                                      0        0        0        0        0        0        0        0 |         0
                                      2      275      206       30        3        0        0        0 |       516
                                      0      705     2959     1531      382       46        4        0 |      5627
                       OCND2_T        0       96     2213     4190     2902      649       26        0 |     10076
                                      0       13      515     2482     5882     4043      472        0 |     13407
                                      0        1       91      529     2909     8174     3508        0 |     15212
                                      0        0       12       51      317     2168     4176        0 |      6724
                                      0        0        0        0        4       34      376        0 |       414

                    SUM               2     1090     5996     8813    12399    15114     8562        0 |     51976
                                              OBSERVATION
                                      0        0        0        0        0        0        0        0 |         0
                                      2      269      178       21        5        0        0        0 |       475
                                      0      714     2898     1464      342       49        2        0 |      5469
                       OCND2_F        0       98     2273     4160     2832      588       21        0 |      9972
                                      0        9      529     2606     6018     3984      455        0 |     13601
                                      0        0      111      524     2919     8325     3458        0 |     15337
                                      0        0        7       37      278     2136     4280        0 |      6738
                                      0        0        0        1        5       32      346        0 |       384

                    SUM               2     1090     5996     8813    12399    15114     8562        0 |     51976

