 <pre>

 Contingency table for Cloud cover (octas)
 Selection: ALL     42 stations
Period: 20180601-20180614
Used {12} + 01 02 ... 24
 Limits   0.500000000       1.50000000       2.50000000       3.50000000       4.50000000       5.50000000       6.50000000       7.50000000    
 Each class is data <= limit, the very last > last limit
 Total number of values        7274
                                                       OBSERVATION
                                     30      281      129       80       43       43       29       45       14 |       694
                                      8       91       51       43       38       30       44       44       23 |       372
                                      5       48       38       33       34       30       40       32       14 |       274
                                      1       35       33       30       26       26       23       45       12 |       231
                       OCND2_T        5       47       26       32       15       28       36       50       24 |       263
                                      2       37       32       39       31       38       42       71       21 |       313
                                      1       38       38       29       24       38       48       89       49 |       354
                                      2       52       35       41       37       58       83      190       93 |       591
                                      8      100       68      121      131      187      365     1377     1825 |      4182

                    SUM              62      729      450      448      379      478      710     1943     2075 |      7274
                                                       OBSERVATION
                                     29      242       87       57       34       28       19       20        4 |       520
                                      9      105       60       51       39       28       29       29       11 |       361
                                      2       63       46       34       22       26       31       31        7 |       262
                                      3       46       37       31       28       32       31       42       16 |       266
                       OCND2_F        4       39       33       22       26       32       38       49       15 |       258
                                      0       36       30       33       18       31       36       62       31 |       277
                                      2       31       24       31       30       29       41       82       30 |       300
                                      4       53       37       38       40       53       70      146       80 |       521
                                      9      114       96      151      142      219      415     1482     1881 |      4509

                    SUM              62      729      450      448      379      478      710     1943     2075 |      7274

