 <pre>

 Contingency table for Rh2m (%)
 Selection: ALL    160 stations
Period: 20180601-20180614
Used {12} + 01 02 ... 24
 Limits    30.0000000       50.0000000       65.0000000       75.0000000       85.0000000       95.0000000       100.000000    
 Each class is data <= limit, the very last > last limit
 Total number of values       51984
                                              OBSERVATION
                                      0        0        0        0        0        0        0        0 |         0
                                      2      325      187       21        3        0        0        0 |       538
                                      0      710     3239     1533      346       33        0        0 |      5861
                       OCND2_T        0       87     2156     4447     3033      630       53        0 |     10406
                                      0       14      526     2449     6171     4315      492        0 |     13967
                                      0        1       92      532     2920     8185     3212        0 |     14942
                                      0        0        6       29      268     1998     3597        0 |      5898
                                      0        0        0        0        1       36      335        0 |       372

                    SUM               2     1137     6206     9011    12742    15197     7689        0 |     51984
                                              OBSERVATION
                                      0        0        0        0        0        0        0        0 |         0
                                      2      330      171       23        0        0        0        0 |       526
                                      0      703     3251     1452      321       30        0        0 |      5757
                       OCND2_F        0       93     2160     4469     2997      619       42        0 |     10380
                                      0        9      528     2530     6185     4149      464        0 |     13865
                                      0        2       92      507     3000     8431     3247        0 |     15279
                                      0        0        4       30      237     1933     3619        0 |      5823
                                      0        0        0        0        2       35      317        0 |       354

                    SUM               2     1137     6206     9011    12742    15197     7689        0 |     51984

