 <pre>

 Contingency table for Low clouds (octas)
 Selection: ALL    144 stations
Period: 20180601-20180614
Used {00,12} + 01 02 ... 24
 Limits    1.00000000       2.00000000       3.00000000       4.00000000       5.00000000       6.00000000       7.00000000    
 Each class is data <= limit, the very last > last limit
 Total number of values       74066
                                              OBSERVATION
                                   8414     1280     1048      804      748      690     1618     1709 |     16311
                                   1246      349      341      224      261      253      539      585 |      3798
                                    923      294      258      207      184      183      518      510 |      3077
                       OCND2_T      790      245      275      221      208      184      492      478 |      2893
                                    733      258      263      255      220      211      587      565 |      3092
                                    750      296      296      282      255      243      677      610 |      3409
                                    972      450      405      382      403      418     1223     1199 |      5452
                                   3261     2161     2141     1886     2161     2574     8600    13250 |     36034

                    SUM           17089     5333     5027     4261     4440     4756    14254    18906 |     74066
                                              OBSERVATION
                                   7659     1096      879      654      628      571     1283     1283 |     14053
                                   1532      391      355      266      260      231      577      569 |      4181
                                   1175      353      329      265      259      235      618      549 |      3783
                       OCND2_F      957      317      355      260      258      272      590      590 |      3599
                                    912      321      330      254      258      296      664      613 |      3648
                                    757      352      309      307      314      297      823      787 |      3946
                                    991      464      441      392      426      408     1281     1281 |      5684
                                   3106     2039     2029     1863     2037     2446     8418    13234 |     35172

                    SUM           17089     5333     5027     4261     4440     4756    14254    18906 |     74066

