 <pre>

 Contingency table for Low clouds (octas)
 Selection: ALL    144 stations
Period: 20180601-20180614
Used {00} + 01 02 ... 24
 Limits    1.00000000       2.00000000       3.00000000       4.00000000       5.00000000       6.00000000       7.00000000    
 Each class is data <= limit, the very last > last limit
 Total number of values       36981
                                              OBSERVATION
                                   4106      613      490      394      356      327      799      831 |      7916
                                    615      177      170      105      134      121      276      298 |      1896
                                    460      153      138       94       92       95      230      257 |      1519
                       OCND2_T      396      138      151      104      117       83      257      241 |      1487
                                    366      118      122      132      112      111      297      290 |      1548
                                    387      148      142      151      120      126      323      299 |      1696
                                    535      232      215      182      217      210      592      610 |      2793
                                   1660     1045     1040      935     1039     1286     4325     6796 |     18126

                    SUM            8525     2624     2468     2097     2187     2359     7099     9622 |     36981
                                              OBSERVATION
                                   3710      512      426      312      290      276      619      611 |      6756
                                    767      197      169      126      129      100      269      268 |      2025
                                    570      175      176      138      146      121      311      280 |      1917
                       OCND2_F      476      162      161      111      130      141      275      280 |      1736
                                    456      149      179      130      138      142      331      330 |      1855
                                    419      192      161      164      158      146      413      409 |      2062
                                    521      228      209      192      204      194      670      642 |      2860
                                   1606     1009      987      924      992     1239     4211     6802 |     17770

                    SUM            8525     2624     2468     2097     2187     2359     7099     9622 |     36981

