 <pre>

 Contingency table for Low clouds (octas)
 Selection: Ireland     27 stations
Period: 20180601-20180614
Used {00} + 01 02 ... 24
 Limits    1.00000000       2.00000000       3.00000000       4.00000000       5.00000000       6.00000000       7.00000000    
 Each class is data <= limit, the very last > last limit
 Total number of values        7434
                                              OBSERVATION
                                    650       50       59       45       42       33      107       78 |      1064
                                    134       28       32       25       33       26       61       47 |       386
                                    102       28       21       16       21       20       56       45 |       309
                       OCND2_T       76       23       20       20       24       16       68       51 |       298
                                     64       24       16       17       21       26       82       67 |       317
                                     90       20       42       28       24       23       91       54 |       372
                                    119       33       46       36       51       34      168      122 |       609
                                    434      167      238      180      257      242     1392     1169 |      4079

                    SUM            1669      373      474      367      473      420     2025     1633 |      7434
                                              OBSERVATION
                                    545       40       52       32       32       25       77       37 |       840
                                    148       22       26       20       28       22       45       41 |       352
                                    121       27       27       18       30       13       58       50 |       344
                       OCND2_F      107       26       35       24       38       20       73       59 |       382
                                    109       26       34       29       25       29       79       61 |       392
                                    107       32       36       31       30       32      107       71 |       446
                                    136       40       50       35       57       30      193      122 |       663
                                    396      160      214      178      233      249     1393     1192 |      4015

                    SUM            1669      373      474      367      473      420     2025     1633 |      7434

