 <pre>

 Contingency table for Rh2m (%)
 Selection: ALL    160 stations
Period: 20180601-20180614
Used {00,12} + 01 02 ... 24
 Limits    30.0000000       50.0000000       65.0000000       75.0000000       85.0000000       95.0000000       100.000000    
 Each class is data <= limit, the very last > last limit
 Total number of values      103960
                                              OBSERVATION
                                      0        0        0        0        0        0        0        0 |         0
                                      4      600      393       51        6        0        0        0 |      1054
                                      0     1415     6198     3064      728       79        4        0 |     11488
                       OCND2_T        0      183     4369     8637     5935     1279       79        0 |     20482
                                      0       27     1041     4931    12053     8358      964        0 |     27374
                                      0        2      183     1061     5829    16359     6720        0 |     30154
                                      0        0       18       80      585     4166     7773        0 |     12622
                                      0        0        0        0        5       70      711        0 |       786

                    SUM               4     2227    12202    17824    25141    30311    16251        0 |    103960
                                              OBSERVATION
                                      0        0        0        0        0        0        0        0 |         0
                                      4      599      349       44        5        0        0        0 |      1001
                                      0     1417     6149     2916      663       79        2        0 |     11226
                       OCND2_F        0      191     4433     8629     5829     1207       63        0 |     20352
                                      0       18     1057     5136    12203     8133      919        0 |     27466
                                      0        2      203     1031     5919    16756     6705        0 |     30616
                                      0        0       11       67      515     4069     7899        0 |     12561
                                      0        0        0        1        7       67      663        0 |       738

                    SUM               4     2227    12202    17824    25141    30311    16251        0 |    103960

