 <pre>

 Contingency table for Cloud base (m)
 Selection: ALL    144 stations
Period: 20180601-20180614
Used {00,12} + 03 06 09 12 15 18 21 24
 Limits    70.0000000       150.000000       300.000000       600.000000       1000.00000       1500.00000       2500.00000       5000.00000    
 Each class is data <= limit, the very last > last limit
 Total number of values       23309
                                                       OBSERVATION
                                    421      168       65       48       13       22       36       61        5 |       839
                                    222      240      107       70       27       31       21       23        5 |       746
                                    202      372      545      269       58       57       36       20        0 |      1559
                                    148      304      921     1587      451      249      117       57        8 |      3842
                       OCND2_T      143      157      277     1114     1376      762      223      156       57 |      4265
                                     83       82      119      339      674     1320      316      145       64 |      3142
                                     53       70       72      198      190      403      360       85       31 |      1462
                                     34       48       61      136      120      123      220      365       37 |      1144
                                    247      224      412     1012      988     1260      647      804      716 |      6310

                    SUM            1553     1665     2579     4773     3897     4227     1976     1716      923 |     23309
                                                       OBSERVATION
                                    541      215       71       68       22       46       60       78        8 |      1109
                                    256      298      159       77       23       42       23       26       10 |       914
                                    186      394      655      331       69       59       46       31        9 |      1780
                                    122      261      828     1589      447      226      108       59       12 |      3652
                       OCND2_F       74      112      219      999     1248      619      196      103       33 |      3603
                                     53       56       75      306      639     1170      238      118       44 |      2699
                                     35       46       66      164      150      387      309       64       22 |      1243
                                     32       48       35       97       93       96      177      208       13 |       799
                                    254      235      471     1142     1206     1582      819     1029      772 |      7510

                    SUM            1553     1665     2579     4773     3897     4227     1976     1716      923 |     23309

