 <pre>

 Contingency table for Cloud base (m)
 Selection: ALL    144 stations
Period: 20180601-20180614
Used {00} + 03 06 09 12 15 18 21 24
 Limits    70.0000000       150.000000       300.000000       600.000000       1000.00000       1500.00000       2500.00000       5000.00000    
 Each class is data <= limit, the very last > last limit
 Total number of values       11669
                                                       OBSERVATION
                                    251       86       30       31        7       14       20       28        3 |       470
                                    119      122       55       34       14       13       10       12        3 |       382
                                    102      196      287      130       28       28       19        5        0 |       795
                                     87      162      482      792      214      128       59       33        6 |      1963
                       OCND2_T       70       79      137      551      673      373      115       88       28 |      2114
                                     47       33       54      164      336      650      150       76       33 |      1543
                                     29       42       32      101       94      203      190       43       15 |       749
                                     18       25       40       64       65       55      111      180       15 |       573
                                    139      112      196      503      483      585      320      397      345 |      3080

                    SUM             862      857     1313     2370     1914     2049      994      862      448 |     11669
                                                       OBSERVATION
                                    308      107       32       42       13       28       30       37        4 |       601
                                    148      151       93       47        8       21       13       15        5 |       501
                                     97      207      332      169       36       26       23       14        3 |       907
                                     69      143      437      783      217      118       58       35        7 |      1867
                       OCND2_F       47       57      106      493      608      304       96       54       12 |      1777
                                     22       21       35      141      318      569      121       64       25 |      1316
                                     20       30       34       84       65      179      158       35       16 |       621
                                     15       22       17       53       45       40       77      107        6 |       382
                                    136      119      227      558      604      764      418      501      370 |      3697

                    SUM             862      857     1313     2370     1914     2049      994      862      448 |     11669

