 <pre>

 Contingency table for Low clouds (octas)
 Selection: Ireland     27 stations
Period: 20180601-20180614
Used {00,12} + 01 02 ... 24
 Limits    1.00000000       2.00000000       3.00000000       4.00000000       5.00000000       6.00000000       7.00000000    
 Each class is data <= limit, the very last > last limit
 Total number of values       14899
                                              OBSERVATION
                                   1324      105      130       88       93       67      241      149 |      2197
                                    272       52       65       48       53       41      127       95 |       753
                                    202       52       46       35       46       37      125       88 |       631
                       OCND2_T      166       33       45       39       48       31      143       85 |       590
                                    137       48       40       38       48       44      160      108 |       623
                                    167       41       82       53       51       45      206      115 |       760
                                    234       72       84       77       92       75      339      252 |      1225
                                    800      350      486      366      526      516     2765     2311 |      8120

                    SUM            3302      753      978      744      957      856     4106     3203 |     14899
                                              OBSERVATION
                                   1099       85      101       62       82       56      185       81 |      1751
                                    317       45       56       36       44       39      109       82 |       728
                                    261       54       53       44       63       37      126       97 |       735
                       OCND2_F      249       49       79       60       73       42      156      117 |       825
                                    224       52       65       44       56       54      166      108 |       769
                                    178       59       65       58       54       56      224      146 |       840
                                    242       80      110       83      112       76      366      242 |      1311
                                    732      329      449      357      473      496     2774     2330 |      7940

                    SUM            3302      753      978      744      957      856     4106     3203 |     14899

