 <pre>

 Contingency table for Cloud base (m)
 Selection: ALL    144 stations
Period: 20180601-20180614
Used {12} + 03 06 09 12 15 18 21 24
 Limits    70.0000000       150.000000       300.000000       600.000000       1000.00000       1500.00000       2500.00000       5000.00000    
 Each class is data <= limit, the very last > last limit
 Total number of values       11640
                                                       OBSERVATION
                                    170       82       35       17        6        8       16       33        2 |       369
                                    103      118       52       36       13       18       11       11        2 |       364
                                    100      176      258      139       30       29       17       15        0 |       764
                                     61      142      439      795      237      121       58       24        2 |      1879
                       OCND2_T       73       78      140      563      703      389      108       68       29 |      2151
                                     36       49       65      175      338      670      166       69       31 |      1599
                                     24       28       40       97       96      200      170       42       16 |       713
                                     16       23       21       72       55       68      109      185       22 |       571
                                    108      112      216      509      505      675      327      407      371 |      3230

                    SUM             691      808     1266     2403     1983     2178      982      854      475 |     11640
                                                       OBSERVATION
                                    233      108       39       26        9       18       30       41        4 |       508
                                    108      147       66       30       15       21       10       11        5 |       413
                                     89      187      323      162       33       33       23       17        6 |       873
                                     53      118      391      806      230      108       50       24        5 |      1785
                       OCND2_F       27       55      113      506      640      315      100       49       21 |      1826
                                     31       35       40      165      321      601      117       54       19 |      1383
                                     15       16       32       80       85      208      151       29        6 |       622
                                     17       26       18       44       48       56      100      101        7 |       417
                                    118      116      244      584      602      818      401      528      402 |      3813

                    SUM             691      808     1266     2403     1983     2178      982      854      475 |     11640

